572595598
440051464
540049468
427023406
529835888
419312194
569440622
550374032
449094788
499738311
568278639
558851890
485874387
568953574
506374300
499367463
416773947
476850484
516147422
414705852
438596131
422329395
423811752
447776250
546744400
511823889
526437284
408604940
427131787
537256396
505354116
435142187
408964569
537231678
493395197
440219216
457749321
486963918
497510792
429112619
517204863
515594059
492035281
413724188
506288913
558095303
565612572
555584450
560090309
545490257
554883505
550077777
437315186
432929604
421512071
431606529
497750204
426958717
486956929
417852574
462983422
407440556
464270345
406851077
520730948
572497331
550918776
498241896
518093851
426745030
442808951
436540640
417913575
468116056
409542779
439491986
430099220
415977284
534093073
455593030
456789442
431839510
480080971
447886734
443616755
427645929
458053172
421950008
526168846
415381471
417026931
557237971
423826345
560127916
480072496
505554845
537704893
418921816
530758329
462443376
411494070
546036349
445086933
508653746
439340014
508032017
540729123
562399486
565254169
512677517
546865980
495166769
547947151
492825637
423487198
505875260
422239389
476365487
407397788
410712549
493587296
501450918
447198829
499485214
475243475
475829499
578636748
481319637
472374112
430799635
513492727
537517884
507891077
520387876
418624375
507403647
534172873
527858997
568332301
572576631
511869645
435496816
478799139
445520267
474441642
521481364
505644025
545407146
458053129
444089101
445571794
411456272
511367842
461153952
462413243
439361046
496660613
507794405
432294361
411059220
507335520
462404721
560397034
516717910
465984209
512884062
525545487
494692064
431371907
440390740
409790639
531440505
449152514
412235991
490961552
516706232
528820103
427084163
548686796
525586788
474156522
415084713
515429286
498548933
510342740
564108986
463192909
431564726
530140165
493636991
483689787
425737453
499070564
456212193
528585243
459326803
446018682
449022995
572561283
480225170
538290045
420031076
559082608
566376497
524784778
542957815
417781210
476914586
478176674
571377337
416528936
559405269
423790706
503881166
463877917
413830049
427023518
491596490
540442287
415722794
456617140
527281959
478929964
548313816
482354452
490976658
470099707
572554463
426649987
478399905
516818149
564769701
441051883
438631646
535181841
490890486
444751955
474086743
422667949
550139978
464895362
552118678
425690198
513791403
457232691
501091884
431897248
556548511
434202316
572186486
446174682
450951338
479118984
529015880
494739116
507711442
429060409
495279960
474958962
489318850
475834025
419629083
507019681
431931043
471110175
416075359
473614260
413800911
450177962
548768651
497701780
424517870
572588142
494046236
421669721
425144321
460094359
530402761
474947898
495154279
522625828
428457406
543067855
466034471
509189219
506286371
570258659
462304159
561065487
418148106
505750600
475309581
468722294
490334104
471734100
438754594
509320800
561561737
426322214
409535954
422625366
458291982
442321909
524698833
556354610
469186003
519956263
555217076
506439173
570114905
474112030
520988430
442505469
408862718
544525878
444340485
417940200
419089618
423101360
421814898
447280996
500733498
426208800
475195335
493947900
546487267
452953527
505613089
431872083
434476230
418256687
406359815
528974879
499091346
448911318
564216434
501291687
408510141
548745936
440714937
553026412
467407665
458195285
483543882
547379889
470542422
529052368
458678512
541466058
507774858
470809475
552172708
537981947
570277714
471687404
459343531
484493911
474567431
505708848
514151197
498711233
422735943
522438486
433043609
482941332
519664983
522377505
533527912
537748174
522002590
413220021
425028778
441323954
538347900
416442443
531589430
490540146
538418517
552452523
546133014
532073932
521512153
488585672
521342828
517969092
431382793
555823226
425954310
456764752
537202541
538093510
502515491
450159637
423393519
537769528
481094298
551070581
484079988
483225372
534946914
448036228
477320416
495284578
467909216
507930477
539867169
498402495
557197059
476377395
496359995
407331769
421896313
409681634
448141490
551597493
465923372
459745607
442100774
529432876
497019529
471185829
455816928
522080895
431625794
571147249
447454712
570264804
467731629
520690363
429837210
420453489
461806445
554396755
530188050
549882664
424763845
444091426
526328313
454962391
504513611
469424455
555819142
536705904
459430191
557478571
533444355
529788769
412572146
454293995
524792024
546831160
481331891
562423800
431897645
522477907
508297910
428831306
560158983
467506409
547815193
468836190
422404312
479461491
519682981
461481306
506006118
548864403
512952377
546054961
563602782
423350944
424525640
413223658
543310887
509322975
529928244
527823877
469365571
449920037
462108601
457237313
555747899
571365104
423369942
419847268
538897344
422634476
446001729
444466862
532492269
503143028
472475680
482670589
436532287
512477991
532004948
530464280
419257705
561616686
560030291
423329742
431595187
545613112
546748395
480096384
557125329
414652319
410049128
495791126
437270352
496545194
444740375
448890216
423411176
572544655
460444731
521827031
536401020
518429391
453168333
489528066
546134097
568113889
417317576
507028548
483823634
497520598
518626919
521701863
493969279
490792035
413559205
424551619
466848295
500460986
484428386
505884023
432270862
547304051
569259239
564145785
515427585
508411637
560088727
519350000
434706204
448302078
493157403
427837638
507033288
539320246
412893508
548057228
518453158
542120163
466658314
531302340
462591761
466419643
558797779
489104853
564015799
464223454
528846589
550433850
491092275
571553605
549668406
530126077
541824638
462413364
463531377
479128827
507275934
439259282
466314601
526813319
560940990
487767568
560915356
499059160
459325725
511925455
562340801
444339674
458118632
508872379
509862582
466096791
436960486
556533979
466217469
525630023
511458622
459671855
555402340
560290660
570240060
538708348
550123861
408669772
490813201
448595000
441192535
512110407
512063451
513944266
555885337
522980365
452399738
547908907
425967744
421171212
536728500
454872149
526367745
521610921
419682669
543887243
451888233
526813616
471241039
471054728
555920511
451991596
461949882
450615773
550373174
493196402
413230966
436275599
464401358
547235659
516135462
530128604
481486756
436276341
447325952
569146686
560407727
438685450
472187756
542830421
502587283
439305022
414386007
467460494
550098631
461217784
570887566
465747317
450174854
570293138
569397711
451656918
414978024
496461679
482098723
413837521
454938500
462951732
552450462
482487032
528414660
454844360
506535953
413298920
541372942
572343251
505532082
479824907
561475179
551825067
452087724
415084712
441052396
479415966
557227182
464634067
483574222
436187075
475175106
539107557
550219657
427440098
567359200
442221787
477447829
540756458
425690198
430746572
445316194
545754786
454094700
541900577
476058948
469993894
418380570
540992091
560805734
546448323
492700781
441933614
543169272
491456723
507589949
508284032
524305171
412984361
499493876
427469606
411457979
517405397
559475330
436247840
511958537
553588839
429313423
539355703
419108278
551736812
454866099
553482277
479391655
496653665
438726816
557493998
465687554
493234843
511393281
475904388
530978398
453136362
459547837
478329793
498494095
503546455
479406736
512542153
413663491
510332792
495994419
548657426
519921382
477685060
447391353
518081398
564248016
567646556
424107279
408172342
447093714
434759644
565744091
441816588
570158296
465705490
560512799
552864113
471119874
494580487
443124383
463209481
431474457
437973016
531608005
502833419
406202328
566192745
429155906
479825366
483390564
520617294
498519796
461192620
415399829
534836276
409973231
559699061
436556299
481194375
448968667
431825114
565531854
445570090
512344372
559706781
501726061
524552098
454883944
537194314
527026673
548187023
502840840
565581365
417915362
419626866
447771986
423425362
539106825
504044629
431008236
525575999
503278599
538197689
518628769
454102207
491865169
565829637
553440300
529111672
539356337
480930094
460952185
520913444
472755276
537270557
442769844
530397385
427892790
545345119
521783160
414763960
507230379
505877802
569391474
432124109
477489066
495805229
519623312
456292586
439504533
548002652
416277471
431000831
524653650
415490409
528757993
419806893
423780407
465636913
436387376
563550374
560165705
485991221
485571510
529857846
569730809
526077009
456845827
465739231
538318552
452568419
488540349
465288453
551704510
526401842
527252668
526265477
449234997
512937404
492611571
567820264
513185212
564901221
428215426
549891845
447096755
473807195
487122691
513420825
459631524
552514832
493129421
541249927
480448878
484582835
463512222
545864504
475736113
430965457
559830908
527006356
537079653
496639518
561603857
536930269
498852535
440228865
568947049
480079807
431438600
521754649
570557450
466099575
411457620
546285321
541400921
525655533
429463023
496387433
549489281
480850851
425433074
555985675
508481828
446091766
471366322
437077724
452898679
566710356
406973321
421812440
482548724
561913055
424616357
463360935
572596060
491932002
454085692
535235124
458406553
498547368
556091446
516431798
567140818
457252403
456292071
428766906
495887833
543750429
459363713
498206630
523542258
484329572
434072434
412808752
556253937
496686065
425438113
525053787
533258843
466696383
523497231
558806759
568033839
476822434
446303755
465500355
508295013
519905499
559963166
538600330
409288681
516643809
532778259
473096150
562443290
513093937
511424437
467071065
467415797
483952366
542348268
508959250
507687724
541390917
446548558
457071271
483167604
424324734
480306505
478873378
447916843
499205096
485217241
436358839
511836391
494816701
488194333
491456653
526418711
540447386
532403473
446924548
492892141
564578819
432479461
421432789
433451444
417920043
508188478
561425869
563638737
560892484
572561824
547745705
550100306
535673420
417242331