514105704
476962103
485257678
551991048
536870204
506931810
533889958
413070223
565613459
556934454
567201539
535469332
535880958
515980414
563073521
499962950
548270867
468568475
486824112
481064362
476936059
506245926
552285278
531116330
570505334
519948923
491868589
491394627
505354986
495425741
517393170
512505124
541787974
489785301
450797637
571522579
564574107
519937882
459678712
506459929
545310131
495120774
565336511
511744410
517776682
429714766
420972612
534742315
504316681
434250046
476050916
547492689
538721777
499577868
553165338
568220153
541044672
542482146
542607593
505960251
498926452
476189164
559785151
493134824
502788068
503478903
570820516
477673129
445477281
439619864
481995599
542601235
525030524
520916358
518917973
455066382
540441320
481066268
514931592
564418488
569458361
489427373
503101426
490433519
526399492
556645479
492212969
497310949
529638751
420650447
569473458
485289153
570126417
502830407
456986718
531541254
480965210
490000422
546475377
506248868
485772601
567706084
519736649
453272806
521596942
495702037
478307074
483167965
486671754
567440968
505362351
547642239
568873296
565270689
516491830
526513004
499288413
427039192
567808993
476079482
496830079
468788039
504570818
484173730
487099193
542722436
517088904
478219652
479410656
524583342
406397565
518752724
536977072
485312050
563582892
521501901
514572763
524747370
524336614
503171821
423780415
494910637
476060613
569400896
550246134
552179030
513774634
558197649
550220223
498496981
529174292
440780462
505218440
558529226
562598227
477237591
505276311
525678186
562739423
562675012
496767406
502891476
476597624
568012023
467998260
548954507
544720565
559348972
504462573
554247782
506070570
530932778
479171840
518477088
533798815
497546110
514577006
486498105
553836956
567308675
553056756
559942392
549228607
473882366
570539948
523519205
570403645
501131935
499558347
563769827
560767048
494724311
494135458
435378376
556499316
558170701
557919180
511331714
494642518
516464776
483789252
479342513
549210303
508186585
524418604
524238787
495223468
524177355
504192866
406976075
493569126
476893849
536926260
478089061
541977347
499522847
555363435
534107295
483509650
506032150
558294748
512969256
515928087
534181737
511163191
507540712
495285745
520213045
439904131
566232349
489270279
497775804
489423859
510657926
489374379
528245059
494512799
532141649
512660931
494300930
420574788
518530348
558781343
532793290
532279270
446485454
456418705
504417753
519059889
491420368
503962133
458212724
544247812
529082394
478792666
497835536
568068764
512356439
570237871
507356902
542739201
491212825
476213474
427605097
569812287
543199096
464818663
478873428
563040589
555701276
496689204
537340116
544465559
481078378
479139879
563193423
565222302
484079368
529508195
526043998
543872111
476934637
509131700
520576653
518417107
500910184
557173598
464860327
542372202
515822603
520246728
513266994
571257778
489656062
496486077
489523295
496166308
489811211
414992642
485783145
515910858
507753230
527497695
551337277
535826286
492474663
519260747
553472763
555541944
542789568
493145232
409045901
516713594
502982609
526001058
528344621
482550285
527796623
482550662
559983758
500590510
487581949
568041252
557936892
567298091
420429254
489735481
508539843
529366334
540509327
448546461
510486318
497829089
527647735
436607195
567281857
491872041
527563362
532017668
506735285
481549271
432309079
546966773
509969500
503909365
489224595
455598554
515103967
551289201
494654815
540507420
512361465
553322419
530271579
468596181
496278634
522710019
515820875
537097753
566859856
551817263
498264400
488731849
491249993
502513807
518790925
477563479
568219181
523912991
558163183
528622210
533558054
482642660
486441102
489785374
530053328
530122800
572491827
472953477
480387626
558197830
568936050
546287068
484287491
533753272
570428278
497765625
491224246
560730454
414481483
504695181
535604296
563345199
429182933
566078959
482125143
527647378
484425794
534287301
487985999
526807884
569936606
502986125
540633551
566462123
529279633
505691402
569139468
520327662
505055574
496788936
522598961
503924653
507101538
534170117
538738512
491756601
484710114
469902829
503036826
411657332
506054628
544253455
568109919
549623662
567663763
565986154
524097416
491964558
514377267
503002859
522371950
493597301
530725855
508203799
526409486
506750985
414479971
524443702
435470105
546748215
487849522
494535827
484343759
559021769
496628184
440011365
531815935
514267688
540927908
509287522
499340347
520636339
492947486
559712347
511745145
553828639
453369558
464692435
567446095
537217532
568201322
558422089
531854363
499854521
545105212
500003678
427018081
526189113
551435074
487074485
480351130
481482491
524349639
492963972
565950175
496459242
411740315
530739416
485725222
567656163
529316512
511130261
461364800
489808198
538587356
537871685
497240589
497146134
549908954
568219768
452966531
486865244
551660973
553356010
505637829
507596543
492735266
527343842
542833359
512039489
519904117
521625703
514260284
528665462
492744271
484500795
567213374
492598614
507929876
526252438
502157149
507595590
476048545
509168876
518814743
505039739
531236989
566242886
491813606
513657355
477993162
513487609
489931881
558875474
523674818
497916205
461683346
500790034
543976829
493691477
532074440
543168622
555962635
543238248
530188783
448944758
557636594
543293308
478889780
439331833
562083118
415998620
496345803
505436002
459953323
476061148
545202893
568054998
547602452
571503017
494827580
560588421
560918943
506884538
507946814
462004173
507195899
479674058
544399140
534881732
487471022
551016754
448892241
549066476
567105092
453339584
547888990
538877293
481033554
490725957
510604783
426221525
509696376
512443411
570246362
519005580
512005206
559347927
531517125
532539022
518985228
507712836
536470016
499076916
490997366
491793674
494015381
520428910
500420458
492244293
517623275
480221563
419416395
482902574
519193527
509842479
536322396
504466737
553367017
530667028
525366302
518486957
464718218
558253247
569682702
478137819
466791010
465111944
505586497
544193743
562250205
513185432
564625573
570537223
423048807
562075590
534707464
558126593
480524994
528085081
479542523
411751893
492544407
553191005
469839312
499943249
556588527
527284260
483495382
560774945
532624697
549209889
452117879
520429141
532287845
526999633
523159523
519974834
504510043
560791228
534268344
504730430
529453598
442537106
473029678
520457626
408847608
489243287
493266840
476465319
562014028
410446868
493793415
437512530
555803648
549118784
522309534
545944335
489924114
532428784
555928175
563940560
489288758
507415642
536621232
548314061
413788438
476946256
551738778
513256628
479667719
485697678
494588667
499059341
524084425
425088198
555679645
509952154
486964430
520967376
412895172
496936183
526545440
513380498
552842673
486607230
547597592
511490889
486493911
515124410
549697930
520032078
540304447
548697649
487155642
521304574
533022549
545083041
500084152
561880399
513195737
521720813
544241697
472227023
519035802
533798904
548582910
485689129
546674124
563270759
554157438
491798062
539497433
495303000
529855203
535548208
479936281
487792453
518080471
519106687
517287262
538340045
566365031
548218869
548845107
540218814
535847054
476083817
539389196
566034664
414137251
466051368
522010406
500047036
555819248
484409856
519931136
462749792
531561503
473719320
568082220
563088043
486705796
416931040
560316665
476655433
549152929
551725260
477592292
518687417
567444575
486965545
503966527
552833840
464821498
510422954
532501440
537983126
511228363
460382674
486175547
547051073
519539891
478547099
423426844
511376722
541586607
430680894
482521403
569399286
538235555
534090067
562964431
505225674
514150937
476225353
528410795
540959242
550566432
534965351
545513762
489982410
505777478
546549818
500308160
495370899
539624813
537104088
546522001
513082771
556852608
543335188
488173246
522409962
525022533
555577919
564736686
563719285
502677930
479542519
559405661
565173675
562721056
408290523
519548740
515158700
478136240
525158318
521919284
529930122
491815687
548548572
504952234
503120037
489613702
508810067
481637408
483441052
552464854
478701946
518059500
479315856
557767119
558108095
468122769
519019347
519252850
480657957
569158835
483349209
532342472
559497539
571250176
481094484
504593660
509495052
556659717
506019556
510584900
482901841
519966067
504980636
526363833
414968985
498686801
493575846
526377634
519292054
515612327
547889038
540534353
562619698
552644539
510378123
481469353
477326301
460086550
546907967
469170664
493670343
490351142
467983948
570632065
406525644
509565271
535556973
518005023
526547725
548418205
553708473
491297511
519854528
569883706
565078630
523318264
510290996
485758907
497733077
537581681
535845619
441717014
410940289
507776956
565248518
535853160
417536748
540489022
489676308
567584936
512767918
423761711
498072023
511520911
537355759
486744214
528357795
565217733
493995468
514208307
517160383
489987574
428472349
510898140
456047438
499387165
541582703
541680280
486975326
479019464
428473916
488061484
490048889
487214284
550705670
546730527
556899990
534926333
492812334
514160003
542179599
534881792
559444972
545980594
566905183
559050914
408852990
412785792
539048716
551432786
476326465
434220320
492150158
558187061
475155726
551004107
506773724
568009424
494022205
516590461
567182761
527582458
523472421
527539415
483556625
533854042
546693812
528330659
469012308
492980715
552817000
487143527
418980856
411511352
496013361
423101687
523552197
504835748
486817430
527322008
568796257
415581903
518032124
543865265
485218489
571715638
551097752
565188405
505314345
523558736
480279733
537254880
489048266
460127202
508989927
563693922
490877146
485417126
488106485
541422193
556665580
496697479
503374629
494302632
533622612
493194453
518175579
517592422
472615054
542189181
545791228
538195048
429194833
502250799
471577428
506063252
438683524
475233927
473155160
569256827