590398422
590678302
590605895
589090828
589089635
590425749
590596271
589758021
590552268
589103322
590386215
589903803
589286473
590531075
589992873
589786414
590957300
590386218
590576816
590574016
590399931
589902589
589946203
590514891
590839321
589685709
589305788
589208129
590901831
590249522
589862512
590385005
589985214
590841021
590353823
589513642
589867651
589285851
589880686
590323913
590929956
589768387
590264671
590515180
589116902
589877610
590033852
590623508
589074546
589335687
589384584
590734806
590806668
589324992
589568015
590264351
589088428
589683282
590003045
590685837
590356585
590368707
589754761
589298598
590441661
589221867
590089134
589878988
589440172
589502987
589285856
589153423
589934787
589239170
589156380
590338530
589755612
590032457
590425776
589786154
590620426
590551407
590888948
590957745
590324177
589129653
590368710
589770099
590975183
589912699
589929254
589655068
590340446
590441662
590033849
590512426
589090826
590889750
589945649
589153737
589877044
589316558
590989434
590032465
589368807
590961196
590437581
589310534
589116915
590386225
590534593
590353827
590460432
590033845
589276999
590877233
590976484
589625611
589240076
590560741
590639137
589154267
590237580
589261134
590542372
589992578
590585094
589371772
590654819
589701230
589956136
589755411
590646856
589225296
590623511
590339267
590411501
590353661
590661408
589925438
590962451
589786104
589213448
589686438
590529801
590975515
589902239
590918621
589956887
590975517
589224922
590877585
590425824
590323886
589862834
590839320
589261136
590351087
589326873
590918616
589938190
589377853
590356597
589770144
590530166
590397660
590552784
590535187
590720858
590057803
590647873
589273978
590003031
589072496
590593066
589353309
590424369
589221857
590876897
589338203
589929573
590462467
590293497
589261140
589881471
589116888
590552305
589674386
590542427
589862835
590552363
590917078
589213994
589355839
589074541
590561960
589746725
589310533
589787667
589153414
590605905
589786425
589758072
590016985
589770104
590604385
589310593
589909869
589786337
590424160
590073580
590530168
590441814
590876889
589808197
590033737
589727558
590708605
590429138
589260447
590423428
590238712
589956130
589768682
589223261
590593352
589756608
589864231
589743905
589968728
590423432
589729315
589061641
589783901
590542537
590462459
590828092
589502072
589352734
589785542
589755480
590048196
589863383
590561676
589310654
589240155
589908809
589286475
590809257
589310598
589131627
589059856
589945989
589975327
589685698
589758018
590593341
589103324
590338602
589362813
589061643
590351855
589910194
589379570
590914862
589696280
589993379
589153426
589261131
589116911
590033839
590001854
589074537
589384036
589131847
590251067
589347291
589711132
589089647
590338592
589903449
590308640
589879962
589755474
590703366
590526498
589347292
590459394
589308844
589240951
590250690
590382251
589133167
589911690
590024724
589326465
589277541
589058806
589746733
589657836
589377133
589957025
589103338
590462463
590604323
589809319
590056400
589768693
589878274
589090831
589806005
590459456
590841022
589344247
589273959
589696259
590444244
589385578
590050502
589286711
590323894
589625619
590437140
589154375
589048550
589152063
589786102
589225317
590415925
589207277
589755353
589261141
590238703
589115258
589353488
589262681
590535199
590354028
589224061
589574390
589277539
589786517
589696272
590323921
589134129
590647862
589335573
589261892
590553043
590531254
589273971
589343929
590415936
589150927
590278563
589880747
589370008
589156357
590586934
589746731
589254126
589865387
590386313
590929949
589103335
590251064
589955679
590932238
589911150
589945991
590356604
589305614
589251318
589503449
590932139
590460995
589343931
590321880
589701755
590646846
590654865
589116881
589240952
590888940
590661744
589768120
590605911
589090821
590002447
590974219
589551164
589241576
589360900
589944611
589584489
589156368
589805334
590250740
589326871
590369576
589058421
590517455
590585009
589730899
589910195
590369671
589221852
590513431
590461877
589228549
590584376
589074544
589791747
590576781
590089137
590669417
589809323
589248905
589103319
590056405
590293480
590002445
589335075
589670350
589655059
589273883
590611849
589877032
589878399
589356028
589899283
590294730
589973679
590514890
589240949
590668702
589238095
589345162
590410576
589786106
590324671
590441665
589277538
589755284
589789803
589326875
589744943
589153739
590354036
590294063
590530170
590583982
590889739
589225319
589224012
590734582
590530162
590535198
589894063
589878991
590595064
590426287
589208897
590974213
589229206
590605424
590004619
590527747
589225321
589399460
590293512
590876962
590596278
590517948
590798424
589701229
589077191
590369667
590047970
590692040
589877038
590063651
590428173
589745715
589965314
589902314
590442767
590264571
589701226
590459063
590002443
590799105
589788192
590008926
590594098
590457684
589910196
589385571
590620790
589101604
590593745
590974216
589791740
590841486
590945615
589686442
590292519
589684735
589360534
589755471
589770141
589134109
590888947
589945996
590888943
589251003
590464562
590001856
589061639
589347290
590647869
589758045
590528216
589251118
590976463
589130032
590032456
590901292
589286707
589785536
589338202
590531007
589686436
590526777
590576812
589944531
589155521
589306241
590646323
589862837
589685601
589116875
589153412
590515871
589936435
590647984
590056239
589984970
590294672
589310653
589241403
590976470
589746650
590056646
589104564
590593740
590576266
590648996
589992574
589992870
589957247
589927240
590440480
590441657
589712777
590424155
590439794
590641212
589730893
589877618
589900355
590338343
589250490
590264348
590852688
590560606
590839312
590278920
590428690
589261139
590623498
589103318
589945999
589385549
590369577
590264583
589936185
590056401
589132986
589074545
590799101
589273928
589755382
590264353
590623502
589927234
589074553
590725913
589501844
589116867
589865918
590877578
589227120
590629986
590251186
589225311
589993281
590058042
589513269
589786131
589241513
590513432
590517947
589786342
589221856
589756610
590605355
589210693
589768713
589901180
590989614
590444256
590976468
589116883
590314585
589213462
589319498
590003450
589075794
589809255
589809267
589153421
590441664
589116898
589298605
589787775
589900946
589393039
589295289
590655257
590415921
589945998
590001852
589131852
589992586
589059853
590250716
589225301
590250679
589877036
589788027
589503448
590989983
589115374
590016995
590957287
590889746
589306244
589807172
589221746
589992572
590516637
590646854
589770643
589316728
589224678
590408886
589116872
590056403
589328833
590389112
590425783
589261135
589786098
589377233
590687937
590526776
589308078
589770094
589671702
590987528
589360921
590560954
589696276
589227131
589319223
589755360
589248666
590889745
590593350
589701429
590278659
590323689
589809252
589239721
590460429
589299632
589425270
589319135
590294073
590671627
590253494
590669430
590945616
589910145
590929941
590459375
590041079
590338344
589385569
589213450
590293501
589308089
589241573
590424886
589984184
589786160
589910149
590877575
589754759
589711034
589075795
590877581
589384657
589415834
589717379
590311745
589877040
590323692
590606587
589768680
589696269
590458008
589087641
590929977
590369668
590411356
589914530
589729110
590411350
590621208
589558476
590458353
590605350
589241571
590863844
590799098
589861450
590226254
590386228
589103899
589308846
589863382
589770622
590443141
589760919
589132968
589239695
590641211
590009529
589133177
590975514
589792267
590527744
590648906
590422712
590606588
590929372
590369666
589892974
590797122
589985216
590388364
590989968
590594707
589983465
590368711
590593732
590011327
589957251
590593753
589276998
589755396
589153418
589805953
590041659
590720851
590593758
589347159
590397395
589544803
589984086
589503447
590545040
589729118
589210696
589210735
590352790
590040958
589639068
590003030
589059494
590323701
590323705
590975513
589957289
590929929
589899437
589513268
590669415
589154542
589116864
590248794
589755615
589957253
589755297
589910153
590397390
589316011
589864649
589137860
590154117
589881417
589213459
590238714
589273919
590647858
590385607
590422715
590647483
589744942
590976489
589865925
589785544
590323874
589275877
589368934
589252209
590460434
590605901
589786421
590986286
589686422
590959277
590323929
590528687
589770102
589328552
589809313
589210429
589129836
590338346
589378674
589996088
589788342
589756606
589616654
590720856
589326877
590552925
589983139
589612387
590516333
590352782
589901181
590462470
589900766
589344781
589935460
589377455
590169093
589150928
589861304
590397392
589221869
589786417
590962816
589137858
590593336
589273941
589103916
589881416
590545039
590009531
590914866
589867652
589101608
590411359
590437881
590057805
589306518
590056643
590514892
589570128
590720853
590563283
589809326
590973584
589370555
590210092
590584148
590976467
590462472
590887614
589213452
589935459
590945617
589685732
590578961
589105858
589809254
589711632
590929993
590852685
589225313
589061637
590605195
589901182
590439795
589946201
590250734
590799100
590604838
590576776
589260941
589696653
590324377
590585017
589261911
590957291
590278422
589944606
589240143
589758038
589746730
589401145
590929986
589131846
589058366
589878152
590720859
590957752
589400015
589298600
590424879
590001857
589276075
590530157
590604969
589208894
589862515
590337938
589248893
589901661
590264342
590914317
590527751
590512427
589153415
589132975
590424152
589324989
589616695
590056404
590439792
590460993
589934421
589310591
589864234
589362384
589225353
589211200
589326511
589957238
589225514
590066214
589767874
590958878
589090822
589354183
590459392
590513940
589599153
590250673
590441660
590534594
589746732
589878398
589760423
589318537
590386211
590960204
590424897
590646853
589261910
590612696
589639066
590250087
589369596
589877611

