582817308
582827696
582826788
582819331
582827834
582823945
582826828
582827720
582818393
582828823
582817303
582818236
582829363
582818188
582824454
582827700
582827379
582829721
582824981
582818640
582818515
582819369
582829697
582815891
582816031
582827717
582824987
582815810
582827460
582816488
582827697
582829560
582828210
582827406
582824781
582827773
582819244
582829558
582823477
582819192
582824181
582827935
582819345
582815815
582829626
582818216
582818362
582818686
582819299
582827832
582828996
582828818
582826530
582826528
582826792
582827778
582828001
582827944
582827699
582819233
582818944
582818372
582828822
582818207
582816466
582828684
582819193
582815971
582823974
582827933
582827999
582825821
582818213
582828055
582828722
582828682
582828211
582826529
582818638
582826546
582815821
582829751
582829533
582818684
582828911
582827702
582818249
582817019
582825647
582815911
582827074
582827835
582829335
582823342
582819329
582823944
582829682
582826538
582817725
582818211
582826451
582828949
582819115
582828517
582816472
582827741
582818458
582828821
582819267
582817797
582829594
582829477
582824947
582828910
582816376
582826793
582828928
582827705
582828519
582829561
582823917
582827723
582827776
582818511
582818508
582827775
582826448
582828058
582826540
582817721
582826306
582827777
582823969
582827838
582829618
582826443
582828816
582829295
582817716
582828003
582828223
582819291
582819410
582827830
582829200
582827416
582823964
582826902
582829590
582818943
582829348
582818842
582829333
582819243
582824407
582819303
582826527
582819276
582827738
582829667
582827840
582824979
582824779
582825925
582826236
582819240
582829716
582815720
582825824
582819379
582828208
582828575
582829217
582818203
582829311
582824704
582828580
582818568
582829336
582828687
582815721
582828732
582818509
582815713
582826795
582827708
582828221
582819009
582819412
582829060
582825511
582824855
582825760
582826240
582827829
582828224
582828212
582818680
582825814
582827698
582827782
582828057
582828592
582828815
582829542
582818934
582827981
582829719
582815819
582829485
582818391
582828686
582824412
582829318
582818840
582815995
582819368
582827934
582815828
582828052
582823953
582818230
582817306
582828090
582827715
582818661
582817847
582829320
582818659
582827774
582829690
582828820
582829208
582826216
582827405
582828689
582828860
582818231
582827728
582818247
582827780
582829385
582828690
582818933
582829699
582827734
582823962
582828596
582825520
582819264
582826131
582818946
582828933
582828213
582829510
582826134
582827837
582825933
582829337
582818574
582825519
582818192
582827462
582816468
582818565
582819221
582819320
582818691
582829322
582818239
582819010
582818942
582821829
582828950
582827945
582818184
582829124
582818390
582826016
582815717
582828534
582828865
582818227
582818177
582829639
582816481
582824769
582818377
582825936
582818940
582818223
582826219
582828013
582828685
582819400
582819332
582828520
582819257
582824071
582815833
582827309
582823907
582826544
582828954
582829339
582828817
582824991
582828532
582824185
582819386
582829269
582825508
582825764
582823927
582818219
582829458
582815726
582828961
582827937
582828218
582825841
582827996
582829714
582829460
582828846
582826535
582826825
582828008
582818518
582824122
582823337
582828565
582823913
582827839
582823912
582829303
582829550
582818836
582818514
582815823
582819300
582828594
582826013
582827833
582824780
582824986
582819281
582817729
582826532
582815844
582817852
582826445
582828948
582827983
582829334
582827836
582823984
582827841
582818197
582829267
582818512
582828215
582818830
582828952
582828200
582829435
582827711
582828721
582829610
582817529
582823970
582827404
582828909
582828209
582819342
582829527
582827731
582816035
582815903
582823333
582823965
582816462
582829022
582826139
582829377
582829675
582827993
582819387
582823937
582825995
582819008
582829317
582823948
582815836
582829383
582828207
582827779
582828145
582825923
582817803
582828691
582825416
582827831
582818833

