444894095
409362014
409307571
495132412
561800981
487938684
512430379
429500447
477126381
570868083
413080625
545621806
504702541
563556588
465090983
452232437
475232740
470488107
503244112
474060840
519698497
477798748
413990063
535149487
525018299
529849320
523336933
461252885
448905892
459297373
474649098
468996262
459314297
475842962
419463576
533194544
531997009
528717265
408175125
427851499
529134306
407046557
431905299
435795096
466804114
441455864
467150362
445428584
446094222
448661284
509252393
518149302
540219129
509162462
462404061
441846112
414001946
499979607
524148527
412822633
569448540
438672710
514364011
410769033
479262110
446613221
533730844
463501288
420695976
505630012
484469651
412832327
491390357
450223351
547134278
519788971
458487491
564075589
433364041
409200882
481566709
556411339
531129060
529350751
482339280
526972862
569530997
495402183
437526788
557521276
429793967
558655687
525762267
487809192
473138193
440193709
491580307
542292829
475489411
503132395
477850182
567522334
524295563
505666313
454046798
487930345
516527178
437281074
498497707
540072482
495856120
545106081
414754369
421586812
410019932
406946308
539862886
448892156
559013411
543002984
472889230
407467059
515909147
484638262
468946208
569744697
493933318
541935088
569719657
480055458
428859957
497934756
558355204
469403662
431217644
451519821
487387574
487733761
524473282
430636353
496890670
453563160
571833378
424385418
536306113
481870721
513570933
537892769
526664673
532500499
492930618
440245598
505934817
480667872
452912040
411771137
531420412
417831583
478948097
520279941
570348292
567876058
417864376
447984139
419147496
533149597
468779834
519777926
418189324
539317612
438606457
420059117
414058611
482832029
419790657
562950177
408357489
441033129
446670394
471323542
564626149
572559949
551254442
495320143
426218518
528048225
416946650
545541146
462913102
406167229
460588726
541833632
571861255
415752031
551125668
541780410
426453725
564132120
531893570
532672792
508504542
439539642
462362043
500121153
545810566
540485511
556837125
452469802
504708834
434424356
451821872
555807732
561161370
421906831
487913069
464735063
449359336
464949815
508397108
529453021
482130253
549678436
548333825
416964675
441554901
572495443
471741052
540747991
490876972
498081707
516156086
422545576
500110768
475389178
416231004
487430182
485270354
513546832
531273873
555968357
533643935
478436265
476080198
458519452
483924461
545425902
533194114
442146498
498923287
569487771
570168308
534195457
500842863
495060017
549384990
415023812
542187798
509843134
439547744
564255553
436665157
566053860
515448111
497535770
512771471
523480873
460783387
471087366
514399759
548726580
508022147
489023587
433005996
413070626
530206550
436587480
549361913
524267990
489699159
496350939
561551461
454921962
520964402
555578651
433067040
478291446
564559434
460335496
495801220
515798971
548899992
500286216
484532400
538770365
570125441
438164734
473948239
525168350
426721864
554494444
435944170
572488440
477661710
417880025
452087461
489070700
522946191
415841938
482056550
413568352
431896285
559059722
512419820
564750038
408886515
498054963
527115360
528039770
564860246
433580724
492809981
497426855
465290687
565745639
466436883
486673180
437746367
522294018
479991292
539863099
506661817
467148932
441822605
482535397
487649544
559513150
519549055
409986087
543624999
516111735
520913137
505909652
559019282
468605560
431404203
571890438
437076733
468191823
458432686
505741244
417362599
473695514
570621070
467107850
548346280
496616802
485860667
563468363
420894348
501770501
545024445
532414458
458587754
415129748
416446568
542336464
489380532
468188683
565425821
423839108
545945305
537986069
477004371
486020192
514908933
571732907
537340083
424808779
466016894
522478975
491407579
492808526
557221799
454364022
488560673
563323325
561444590
565078052
479267105
527721798
534045079
504072748
561099958
444854027
555974451
447985630
527491287
454226493
462171231
498928902
550443082
552826407
521358012
429279708
519955633
537909314
478988943
422339716
511151778
462917563
522712534
558214380
445453685
508817683
431490193
447742319
465467751
512024008
542496996
473441028
480221256
533245033
545337265
541669624
525125403
430250982
567383284
530763208
499028490
498423278
512025217
407032725
483525263
434899132
447315929
435674745
564876214
533752879
499701378
516224546
485388746
525668342
446367830
500817623
540191488
480080876
465727027
459082618
505769381
508481534
419439457
533992608
551006704
408165047
452469797
442238600
507262425
457077471
506627356
409018974
449161494
528952701
557901074
478512776
449220646
466404475
561383919
418672327
554422865
478258450
566616983
500147729
507625394
522343109
508718689
460333772
490204297
444376265
509279406
516025436
500041081
479884348
499797772
408620964
455387310
528988131
464885120
478498795
436307568
480645882
437783675
519956851
443616033
500717452
504160473
527657688
566260892
406533934
532067499
565537126
449624377
438450309
552442743
466877545
468113995
512379504
407915610
557982302
455449421
561127792
545545689
537272430
459855493
478341773
473017756
561469975
437982295
568349994
418856304
528692035
563885163
450493932
498547477
556093455
531872230
548431936
457474128
502599022
568832958
475499617
485162176
435504350
469841093
459009178
505780659
426965683
568512814
530602517
439378996
470563673
554069831
414297522
408586308
462359868
519993284
503500392
414731671
487278235
524974053
522407880
560718385
563696743
520562282
497055752
551448336
532557106
569012428
535511303
530857243
410430833
541466009
482657140
490715104
557275710
529332087
549674307
477628565
498622817
479754694
569745162
475173333
545347287
556619998
468243626
512932585
441483395
457179661
541624570
499293159
452913265
503705588
556591285
526058063
502673698
506139026
411027589
565577332
499161470
538008877
444835614
466407229
536314012
562964668
459683111
517631813
475281998
507560414
567540497
467202319
481972401
536311492
424544243
518272287
508396790
563321991
483069453
478079520
504527720
457769692
560781663
458711721
478206727
484129499
416008095
557982670
476637660
537695447
552489641
529202913
478402889
490293146
417858947
409736752
422444336
558722349
535808525
516921333
500247527
490260187
424631776
450798192
482407398
511685396
408135554
410453710
426924520
518161170
418823423
414994874
445500311
487910663
470527034
563072291
442146227
432723185
544987841
571315806
526365792
471657749
425710194
545572469
496848309
559097215
498168051
495866277
564324689
488069459
449084178
490229130
528227124
539268579
546551278
513101202
529323059
545945867
522027786
534056696
428190993
420693852
434837409
474733384
568807843
461234758
572403425
500068034
447410205
542569176
416914473
564254505
444122204
523810907
466175364
499596223
554784993
486562171
533991049
537345322
449643202
561628033
459740045
453671994
483815037
508582888
459867892
557533502
533167367
550937070
569751583
563310571
498074152
553644910
562697954
417321829
535410646
487780061
478778477
553469401
473178493
556809805
541478725
571897614
435844462
509394409
535519943
458417104
479978551
416468715
423749766
528843554
468867662
510362160
430710599
489351668
460925645
548598249
456336009
419804217
446800779
418190872
462383206
423015372
430252029
473967654
460183391
511322831
515505875
449396978
545966826
554320633
556761410
551860330
444794889
483809756
505427030
520660971
448708584
487135640
465001430
521814923
417853140
418591638
535962042
521840902
562478055
456433451
412950849
558800310
493454430
540362639
557904694
411652417
560208929
446160610
406300000
545029977
449530687
500147162
481268903
566711630
409717414
558603063
476024772
484927494
421896971
496535097
561513158
475569713
476921761
507323319
509119376
482531497
560208249
543696826
443611253
539460840
432571290
516990985
563263329
556261855
468663182
472404026
524292335
409400145
477889629
501391369
537246077
557264006
508943674
499714755
561468337
426371311
457748534
569071888
491820349
446104748
419778008
476117268
427009737
500577891
484638256
502116644
416193113
492135553
506501972
508496157
409529433
540638501
525556725
408579879
493455298
518629700
454968736
494559468
553701718
432975686
407422800
551136606
480142516
532932339
413189280
519928660
498592946
410423392
413301602
465507846
460209604
562947613
507122278
519763529
546241494
490988711
492899072
447516114
436353834
510552270
568272175
523645802
555760367
482326046
551932932
483959817
558641633
498040502
417331353
457448707
415142521
541237267
476226322
517488737
447402466
535482395
537974596
453144568
457954837
437324548
449673260
487816731
431776391
436509641
484501757
499761432
561774836
566718907
432733013
478059075
564651885
489513334
472832395
531725623
442102311
512421497
449015862
506748520
485386500
487085726
534260321
480642338
537387470
407593753
552612348
483109822
417258468
518250998
509008964
519509020
555716293
454349390
500726446
419018181
428474883
413746005
438215783
536675201
572480718
507178611
570292647
490372619
427986320
571329716
414063880
460592789
507806480
534062750
506054136
511870162
535317968
560864776
482270972
487989801
510948724
489519659
507128192
478524724
566062325
408902842
570886278
412037274
519922822
493378333
502672915
497020814
484566510
550320984
526328697
413696098
498062381
430114703
505126311
447728204
540245890
420155196
448411147
468778164
507910054
418189568
548524259
504196025
529107504
533833377
470590821
454311866
557222761
536456885
415425841
480220836
538582215
446506930
534453236
420695062
512013869
528171711
514184878
415457717
536565347
454388733
478492881
527303646
487652852
540148358
481125772
539480598
537805093
488530052
565863260
458202486
493424770
437768602
494687874
523867767
536190172
539593418
540693020
548499806
435157143
487650811
428539197
475050576
422635288
555491498
492119409
454347708
463323681
511480679
437961075
511795343
559791764
547318219
564009979
522711615
507132226