500618275
480850060
512765019
510662547
434842660
560048673
509863893
493603632
564457008
488325235
505891713
410893054
503183518
469058922
481956983
510781090
431012388
492220330
546447285
527258084
477171081
559736417
529872483
493157576
433044130
506905377
570420066
482455316
478793359
419061380
492998487
510413590
498255005
516155213
562984785
540938254
486975782
546452241
530528969
431387007
449256732
535201962
434192180
421227760
459731765
557152619
539389371
546226391
447062817
474891663
552450557
541944011
569385275
430660615
516855800
556105186
423644184
435417572
507707302
534718899
510881596
435417726
518815044
441039343
507361590
494414191
419897309
483933348
541380062
530078770
454492602
562399059
494271170
563250031
416931217
534981910
463954045
555372352
505513151
551714821
420605489
444570682
457945604
458710845
539056055
534505078
437781732
531805217
565831221
507610245
531271665
562073055
520302517
416560140
572427751
436554531
496960779
539126425
525274342
568405515
488889623
564196161
439631363
431311136
563851373
414974366
514378750
526210669
437087573
544804153
529887477
448661534
432896524
437239472
434092893
532554918
482905957
419059149
555689825
561368626
542151181
426274790
552343286
428523804
457918791
568058112
465068895
571250692
530760478
415752815
514153344
532672804
505709237
555843132
545408829
441313630
481747325
528174162
457113351
442862362
495442862
437523403
570281609
529318707
475550192
529500550
487428748
502218913
493877232
543477739
543417686
433551114
554998392
474814832
517315287
569905186
558468353
496762251
477672035
432325035
474191564
477956294
489031454
439184693
429553249
486124603
539413065
432234317
455585236
487076971
514894936
507210569
540378936
552683022
455004044
422172889
511669263
507902014
511424577
452814718
507700803
530449450
504993313
504404677
412830252
430830020
559264461
520668951
433564857
513285458
475260037
496547702
522407237
517801740
485240366
462561382
441829781
559986239
462276851
515521852
562949687
429082664
493903226
447715581
503201183
504836863
524528829
450092455
460997004
482133896
498964857
460967953
486731665
553486108
497212805
418646703
463245738
485335661
522695830
556835640
495374517
485347627
432170337
467053435
568789699
505020830
426938531
478602483
500432278
440740899
483281748
446549724
546936315
513572173
539747330
568516526
525066260
448593474
487398690
572555378
435042766
534569228
423315858
463574851
546939250
552343045
551298812
552172452
535424452
448749812
430869312
566243299
423600293
462354023
502972772
462583687
509552873
473734330
548269854
496567047
520248857
420878176
466633861
435073348
443307818
543479033
438672597
529081475
555463137
504949974
448579276
428905235
437719944
482907167
486221966
475640288
517873936
421171783
490657094
457051745
529619562
435414410
498964677
456898247
487214530
508589250
478560225
481324707
485275689
563417844
431789837
483165398
447439404
410680467
431224006
432175529
533529169
542251523
430792194
425982776
521389530
448718620
491225025
506249913
568699855
478155566
490499769
511927907
533000234
457273287
420148710
424781310
492343222
430091108
454678353
432700458
477170039
552072660
491628550
520146502
514992007
496264933
465263885
562823700
416963103
478491316
508516465
498893370
564426025
539646030
480277317
504969064
535228486
517437575
455749331
468398257
486045512
537085732
518228826
470328815
432843405
540746635
525955238
423105144
481417909
551277485
512816158
533419680
457580501
453842872
501698472
446481018
463314131
441347032
558781776
518600195
458509098
410775932
522082980
555120001
499330596
555732469
482219246
478984818
553500458
535266751
537395807
537173943
449424481
535259386
485159543
506399088
495661010
495349311
558176652
421265152
547274030
426669413
498892616
509946487
568627834
520004916
494205440
424372106
519866633
467209188
475816565
469700512
547652921
419995265
406710637
570755831
415589493
459124401
427374986
425196977
507968149
539734050
561400066
547579178
564997552
491716308
497456508
567583566
544776717
543540759
506697419
421399361
549188014
415026860
470155494
492416078
530333819
484316286
474067341
457235229
475487561
516847861
437951492
438966311
443071768
442044491
483282616
556397386
549942976
494059483
465238186
558022438
455217430
533840504
520162852
572377195
518528510
473532755
566578334
533444002
443601055
569746025
549935599
569416303
534601986
571329637
547422496
456370305
495680004
478316082
559771465
565658706
532239763
486453514
543323320
498204540
472643216
559233603
417084988
547690941
541767875
414755002
525625142
424081648
464841229
524515890
544811999
422316957
452912021
537188858
514996884
426570541
507263144
450722251
563129881
448646280
430745831
489623032
417608022
423317284
489819580
568405542
444751913
561414274
522949656
571618520
498050844
453822542
507707196
542993718
565021811
548121962
421889387
566844522
480411559
533495923
535417895
472925205
495289589
464820147
437253043
515007997
537204911
414413633
466518409
475260028
425972168
561255865
552357955
446030378
429269099
445707445
492123731
493604201
481830448
561789674
485686421
407647570
505238157
532363469
512839247
454518337
458782091
522355789
541276318
506728234
521708450
467011026
547117071
527264849
508237488
469638143
452016079
494851514
535878397
539103302
461945512
494003881
524157343
566813976
572042504
540364532
566266851
422284344
437202531
547216184
482827988
424136155
420863509
518797978
493154635
529630697
521853893
484611388
539096541
543463667
494938856
544035272
541210457
467010325
431279637
426884739
430295041
443955644
542172324
413691966
505394378
411056228
487552588
532861193
563246936
496451701
535822768
557139160
530123390
493094834
489012774
474260907
568317738
542643230
503668421
510078623
468859900
454662395
442344895
491546201
502876657
500912557
410015259
462574557
442726049
424143363
492468049
507575523
508236719
431208067
532164918
559076089
426561579
467010329
473810909
498420446
464607844
565023877
539778818
517876867
499993782
428867668
565499702
569305371
517213984
419629721
554618429
539802457
539533126
551235650
437386112
557182218
428756764
432690283
413975193
569944501
510731656
546323379
508156273
516660709
460322352
459939844
514659560
524753300
517924070
462664530
445315785
465988718
484188036
515668669
418991065
437698369
470400594
478685031
497900115
548745044
540213128
462594786
465046571
537364827
526465178
551107416
478611351
522082994
492732497
477208369
542117282
441380317
527244044
420914648
470538314
473851621
411493000
532515377
543247782
446766718
565042871
550298431
471316150
442822864
422938485
476861423
453161545
531066804
499135142
528681983
555687717
525985932
475735957
487933366
463283605
541422670
505980643
537801584
407597391
535128537
428822651
514998542
437260950
529590859
482119801
517557309
463688700
460847193
436536731
568315176
565551763
470130154
560808372
454432732
486343258
452912012
523836046
494528562
521497939
493003770
412832792
497958018
459574814
442118714
418978496
508187438
569602882
488125230
490987600
492197313
413981951
502140899
530776413
496081780
458282035
460375824
487164948
427606039
474434775
512720191
442239340
560062765
514060206
564421440
502874124
571727546
537783084
518096127
443198219
525203675
515852584
566861210
538443724
528426029
436182530
560661835
531748458
569694081
434925496
472496167
546917056
538762449
537324821
564306829
534802754
438153038
494158481
567691174
535100805
445068508
480160077
466621613
518257142
421412794
543472876
556243924
496105285
569427572
424090763
485342332
520267609
533075572
473574563
561525341
552798298
547622245
531162433
546537598
480321689
423762434
475260064
432881208
534748827
420324494
570506024
533484243
505326086
557526622
473493007
444556902
422355945
500235761
488444108
439340747
439564401
561112622
488276722
526267936
484219037
570839442
569160203
514990343
416812607
485686408
510681181
458857727
496136170
501506824
483787480
494145845
529693794
501138154
505694811
448010893
507282808
461601614
519516863
469932416
538195841
491290749
467160847
437034473
430284452
430663876
432223088
518490180
552360008
498338549
519209890
472985257
490478257
512431889
519339773
532266228
425965276
417580688
510581175
444065756
491723283
572208546
439370003
484765662
436199431
506281983
443849914
472474625
465347784
480525117
563925652
453350797
413641167
426875758
436935240
471792862
552019189
555020753
435449967
512245087
415737433
462691395
554341056
443840287
431754149
445728520
496972750
564107218
545033533
467889930
443355245
419781995
417938401
478777770
546477664
423042972
516294015
545354217
408917180
444480854
456838311
491111413
466430144
477264049
469919325
492599218
449934558
473107617
563281341
412798794
512904092
572236518
515615164
435168402
557224901
441928834
480514120
419035748
546287623
495958307
417765996
485780778
427625295
545756335
535941674
487144688
481943486
434693039
516390471
524198936
512467049
445558916
514998535
544007151
437008402
535221701
519209898
408262016
524112515
510962193
407222374
494876603
495903050
571310053
419290446
550882788
549236354
531298778
497416646
456932967
556408804
463300133
496153738
498503980
548906868
458266851
520768930
503233349
513478012
412509494
448982460
526628988
461551547
551270470
517952435
514939053
571881825
485321368
551450387
456313698
418696505
501544849
555917223
510393961
566034882
520742019
435801392
475773452
495999082
546444954
565383352
412620574
477883754
469489755
505645160
470304704
525932133
567063493
508770768
502410218
426957987
556516332
419047879
571417098
565370258
459307126
430651989
474352601
531126975
551849122
549667486
522198607
538302992
421622115
517675244
460675852
549816464
498851004
409045353
473797540
475115116
442259632
526596632
533495922
462438117
504021249
416228331
535862181
509142070
551947630
496009330
538412361
526787800
521350608
413971547
460661058
406713117
534271207
410268120
554981312
452448122
523249288
527549202
568824063